10010100 00100001 11111111 11110000
01111100 00001000 00000010 10100110
10010000 00000001 00000000 00010100
10010011 11100001 00000000 00001100
01111100 01111111 00011011 01111000
00111000 10000000 00000000 00000010
01001011 11111111 11110111 01000101
11000000 01000010 10100011 11111100
11010000 01011111 00110101 10111100
00111000 00000000 00000000 00000000
10011000 00001101 10001110 00111111
00111000 00000000 00000000 00000001
10011000 00001101 10001110 00111110
01111111 11100011 11111011 01111000
00111000 10000000 00000000 11000010
11000000 00100010 10100100 00000100
00111000 10100000 11111111 11111111
00111100 11000000 10000000 00110110
00111000 11000110 11001110 10110100
11000000 01100110 00000000 00001100
01001000 00000001 01010101 11100001
10101000 00011111 00000010 00001110
10110000 00011111 00000010 00000110
10100000 00011111 00110101 01100000
00101000 00000000 00000001 00000001
01000000 10000010 00000000 00010000
01111111 11100011 11111011 01111000
00111000 10000000 00000000 00000000
01001011 11111111 10011001 00010101
01111111 11100011 11111011 01111000
00111000 10000000 00000000 00101010
10000001 10011111 00000011 00011100
10000001 10001100 00000000 01101100
01111101 10001001 00000011 10100110
01001110 10000000 00000100 00100001
00111000 01100000 00000000 00000001
10000011 11100001 00000000 00001100
10000000 00000001 00000000 00010100
01111100 00001000 00000011 10100110
00111000 00100001 00000000 00010000
01001110 10000000 00000000 00100000